   2.0000000e-07
   4.0000000e-07
   6.0000000e-07
   8.0000000e-07
   1.0000000e-06
   1.2000000e-06
   1.4000000e-06
   1.6000000e-06
   1.8000000e-06
   2.0000000e-06
   2.2000000e-06
   2.4000000e-06
   2.6000000e-06
   2.8000000e-06
   3.0000000e-06
   3.2000000e-06
   3.6000000e-06
   4.0000000e-06
   4.4000000e-06
   4.8000000e-06
   5.2000000e-06
   5.6000000e-06
   6.0000000e-06
   6.4000000e-06
   7.2000000e-06
   8.0000000e-06
   8.8000000e-06
   9.6000000e-06
   1.0400000e-05
   1.1200000e-05
   1.2000000e-05
   1.2800000e-05
   1.4400000e-05
   1.6000000e-05
   1.7600000e-05
   1.9200000e-05
   2.0800000e-05
   2.2400000e-05
   2.4000000e-05
   2.5600000e-05
   2.8800000e-05
   3.2000000e-05
   3.5200000e-05
   3.8400000e-05
   4.1600000e-05
   4.4800000e-05
   4.8000000e-05
   5.1200000e-05
   5.7600000e-05
   6.4000000e-05
   7.0400000e-05
   7.6800000e-05
   8.3200000e-05
   8.9600000e-05
   9.6000000e-05
   1.0240000e-04
   1.1520000e-04
   1.2800000e-04
   1.4080000e-04
   1.5360000e-04
   1.6640000e-04
   1.7920000e-04
   1.9200000e-04
   2.0480000e-04
   2.3040000e-04
   2.5600000e-04
   2.8160000e-04
   3.0720000e-04
   3.3280000e-04
   3.5840000e-04
   3.8400000e-04
   4.0960000e-04
   4.6080000e-04
   5.1200000e-04
   5.6320000e-04
   6.1440000e-04
   6.6560000e-04
   7.1680000e-04
   7.6800000e-04
   8.1920000e-04
   9.2160000e-04
   1.0240000e-03
   1.1264000e-03
   1.2288000e-03
   1.3312000e-03
   1.4336000e-03
   1.5360000e-03
   1.6384000e-03
   1.8432000e-03
   2.0480000e-03
   2.2528000e-03
   2.4576000e-03
   2.6624000e-03
   2.8672000e-03
   3.0720000e-03
   3.2768000e-03
   3.6864000e-03
   4.0960000e-03
   4.5056000e-03
   4.9152000e-03
   5.3248000e-03
   5.7344000e-03
   6.1440000e-03
   6.5536000e-03
   7.3728000e-03
   8.1920000e-03
   9.0112000e-03
   9.8304000e-03
   1.0650000e-02
   1.1469000e-02
   1.2288000e-02
   1.3107000e-02
   1.4746000e-02
   1.6384000e-02
   1.8022000e-02
   1.9661000e-02
   2.1299000e-02
   2.2938000e-02
   2.4576000e-02
   2.6214000e-02
