  -1.0000000e+00   1.4962653e+01
  -9.9000000e-01   1.4771409e+01
  -9.8000000e-01   1.4581806e+01
  -9.7000000e-01   1.4397095e+01
  -9.6000000e-01   1.4215446e+01
  -9.5000000e-01   1.4037771e+01
  -9.4000000e-01   1.3862127e+01
  -9.3000000e-01   1.3692129e+01
  -9.2000000e-01   1.3523832e+01
  -9.1000000e-01   1.3358948e+01
  -9.0000000e-01   1.3199771e+01
  -8.9000000e-01   1.3042501e+01
  -8.8000000e-01   1.2886613e+01
  -8.7000000e-01   1.2736479e+01
  -8.6000000e-01   1.2589282e+01
  -8.5000000e-01   1.2443487e+01
  -8.4000000e-01   1.2301985e+01
  -8.3000000e-01   1.2164565e+01
  -8.2000000e-01   1.2028789e+01
  -8.1000000e-01   1.1898364e+01
  -8.0000000e-01   1.1769200e+01
  -7.9000000e-01   1.1643059e+01
  -7.8000000e-01   1.1519969e+01
  -7.7000000e-01   1.1399097e+01
  -7.6000000e-01   1.1281690e+01
  -7.5000000e-01   1.1166430e+01
  -7.4000000e-01   1.1054011e+01
  -7.3000000e-01   1.0945722e+01
  -7.2000000e-01   1.0839593e+01
  -7.1000000e-01   1.0735945e+01
  -7.0000000e-01   1.0635443e+01
  -6.9000000e-01   1.0536691e+01
  -6.8000000e-01   1.0441577e+01
  -6.7000000e-01   1.0347681e+01
  -6.6000000e-01   1.0257416e+01
  -6.5000000e-01   1.0167613e+01
  -6.4000000e-01   1.0083136e+01
  -6.3000000e-01   1.0000002e+01
  -6.2000000e-01   9.9174077e+00
  -6.1000000e-01   9.8399938e+00
  -6.0000000e-01   9.7630327e+00
  -5.9000000e-01   9.6888944e+00
  -5.8000000e-01   9.6167968e+00
  -5.7000000e-01   9.5471801e+00
  -5.6000000e-01   9.4789521e+00
  -5.5000000e-01   9.4138168e+00
  -5.4000000e-01   9.3498019e+00
  -5.3000000e-01   9.2891328e+00
  -5.2000000e-01   9.2280904e+00
  -5.1000000e-01   9.1720368e+00
  -5.0000000e-01   9.1151001e+00
  -4.9000000e-01   9.0625886e+00
  -4.8000000e-01   9.0101459e+00
  -4.7000000e-01   8.9604268e+00
  -4.6000000e-01   8.9117149e+00
  -4.5000000e-01   8.8653114e+00
  -4.4000000e-01   8.8212009e+00
  -4.3000000e-01   8.7785610e+00
  -4.2000000e-01   8.7369588e+00
  -4.1000000e-01   8.6965758e+00
  -4.0000000e-01   8.6590155e+00
  -3.9000000e-01   8.6216046e+00
  -3.8000000e-01   8.5866437e+00
  -3.7000000e-01   8.5530997e+00
  -3.6000000e-01   8.5193939e+00
  -3.5000000e-01   8.4881700e+00
  -3.4000000e-01   8.4600033e+00
  -3.3000000e-01   8.4308916e+00
  -3.2000000e-01   8.4044734e+00
  -3.1000000e-01   8.3791138e+00
  -3.0000000e-01   8.3532631e+00
  -2.9000000e-01   8.3298967e+00
  -2.8000000e-01   8.3081106e+00
  -2.7000000e-01   8.2869559e+00
  -2.6000000e-01   8.2670356e+00
  -2.5000000e-01   8.2478808e+00
  -2.4000000e-01   8.2289351e+00
  -2.3000000e-01   8.2123305e+00
  -2.2000000e-01   8.1960353e+00
  -2.1000000e-01   8.1801448e+00
  -2.0000000e-01   8.1659926e+00
  -1.9000000e-01   8.1538570e+00
  -1.8000000e-01   8.1408118e+00
  -1.7000000e-01   8.1284403e+00
  -1.6000000e-01   8.1156991e+00
  -1.5000000e-01   8.1057682e+00
  -1.4000000e-01   8.0946465e+00
  -1.3000000e-01   8.0863598e+00
  -1.2000000e-01   8.0776798e+00
  -1.1000000e-01   8.0694111e+00
  -1.0000000e-01   8.0599244e+00
  -9.0000000e-02   8.0527340e+00
  -8.0000000e-02   8.0465949e+00
  -7.0000000e-02   8.0393012e+00
  -6.0000000e-02   8.0330611e+00
  -5.0000000e-02   8.0276639e+00
  -4.0000000e-02   8.0221014e+00
  -3.0000000e-02   8.0146170e+00
  -2.0000000e-02   8.0099358e+00
  -1.0000000e-02   8.0051216e+00
   0.0000000e+00   8.0004956e+00
   1.0000000e-02   7.9959803e+00
   2.0000000e-02   7.9905275e+00
   3.0000000e-02   7.9848012e+00
   4.0000000e-02   7.9812591e+00
   5.0000000e-02   7.9762228e+00
   6.0000000e-02   7.9702856e+00
   7.0000000e-02   7.9656770e+00
   8.0000000e-02   7.9600077e+00
   9.0000000e-02   7.9553641e+00
   1.0000000e-01   7.9484086e+00
   1.1000000e-01   7.9433797e+00
   1.2000000e-01   7.9370857e+00
   1.3000000e-01   7.9294147e+00
   1.4000000e-01   7.9230659e+00
   1.5000000e-01   7.9159928e+00
   1.6000000e-01   7.9080851e+00
   1.7000000e-01   7.8980656e+00
   1.8000000e-01   7.8890759e+00
   1.9000000e-01   7.8807051e+00
   2.0000000e-01   7.8695386e+00
   2.1000000e-01   7.8592490e+00
   2.2000000e-01   7.8475626e+00
   2.3000000e-01   7.8370752e+00
   2.4000000e-01   7.8231065e+00
   2.5000000e-01   7.8110917e+00
   2.6000000e-01   7.7963833e+00
   2.7000000e-01   7.7812878e+00
   2.8000000e-01   7.7644393e+00
   2.9000000e-01   7.7472047e+00
   3.0000000e-01   7.7300306e+00
   3.1000000e-01   7.7114653e+00
   3.2000000e-01   7.6915468e+00
   3.3000000e-01   7.6705928e+00
   3.4000000e-01   7.6483860e+00
   3.5000000e-01   7.6244378e+00
   3.6000000e-01   7.6000459e+00
   3.7000000e-01   7.5735974e+00
   3.8000000e-01   7.5475392e+00
   3.9000000e-01   7.5196994e+00
   4.0000000e-01   7.4893002e+00
   4.1000000e-01   7.4589919e+00
   4.2000000e-01   7.4266733e+00
   4.3000000e-01   7.3937271e+00
   4.4000000e-01   7.3584036e+00
   4.5000000e-01   7.3218377e+00
   4.6000000e-01   7.2830632e+00
   4.7000000e-01   7.2438581e+00
   4.8000000e-01   7.2026116e+00
   4.9000000e-01   7.1606905e+00
   5.0000000e-01   7.1160677e+00
   5.1000000e-01   7.0687587e+00
   5.2000000e-01   7.0208056e+00
   5.3000000e-01   6.9709506e+00
   5.4000000e-01   6.9206973e+00
   5.5000000e-01   6.8669198e+00
   5.6000000e-01   6.8121695e+00
   5.7000000e-01   6.7534830e+00
   5.8000000e-01   6.6945943e+00
   5.9000000e-01   6.6330046e+00
   6.0000000e-01   6.5709931e+00
   6.1000000e-01   6.5049512e+00
   6.2000000e-01   6.4384275e+00
   6.3000000e-01   6.3677433e+00
   6.4000000e-01   6.2968288e+00
   6.5000000e-01   6.2219593e+00
   6.6000000e-01   6.1459094e+00
   6.7000000e-01   6.0682006e+00
   6.8000000e-01   5.9879205e+00
   6.9000000e-01   5.9045830e+00
   7.0000000e-01   5.8182798e+00
   7.1000000e-01   5.7311699e+00
   7.2000000e-01   5.6409295e+00
   7.3000000e-01   5.5472604e+00
   7.4000000e-01   5.4528044e+00
   7.5000000e-01   5.3535436e+00
   7.6000000e-01   5.2530554e+00
   7.7000000e-01   5.1505042e+00
   7.8000000e-01   5.0451137e+00
   7.9000000e-01   4.9363616e+00
   8.0000000e-01   4.8245002e+00
   8.1000000e-01   4.7091329e+00
   8.2000000e-01   4.5940023e+00
   8.3000000e-01   4.4738237e+00
   8.4000000e-01   4.3502675e+00
   8.5000000e-01   4.2255144e+00
   8.6000000e-01   4.0964476e+00
   8.7000000e-01   3.9639114e+00
   8.8000000e-01   3.8290521e+00
   8.9000000e-01   3.6926506e+00
   9.0000000e-01   3.5506833e+00
   9.1000000e-01   3.4066346e+00
   9.2000000e-01   3.2595556e+00
   9.3000000e-01   3.1098337e+00
   9.4000000e-01   2.9549309e+00
   9.5000000e-01   2.7989841e+00
   9.6000000e-01   2.6385714e+00
   9.7000000e-01   2.4752414e+00
   9.8000000e-01   2.3072703e+00
   9.9000000e-01   2.1362161e+00
   1.0000000e+00   1.9637190e+00
